;******* 2000 OHM RUTHENIUM OXIDE RESISTOR ********
;Data for 2000 Ohm Ruthium Oxide Resistor
;4/10/93
;Used for ITC502 Range CR11
17:13:20      06-17-1993
RuO
T, R
K, -


 6.271493E-02                21276.47
 6.776265E-02                19934.37 
 7.280292E-02                18801.72 
 7.782862E-02                17831.04 
 .0828559      16984.42 
 8.787428E-02                16239.2 
 9.294303E-02                15569.36 
 9.802354E-02                14967.07 
 .1030783      14425.8 
 .1081356      13933.37 
 .1131655      13485.49 
 .118213       13072.56 
 .1233345      12686.17 
 .1284364      12329.89 
 .1334981      12001.58 
 .1385847      11694.06 
 .1436833      11406.01 
 .1487811      11136.19 
 .1538648      10883.48 
 .1589208      10646.86 
 .1640399      10420.94 
 .1692168      10205.16 
 .1743369      10003.27 
 .1793859      9814.503 
 .1844666      9634.126 
 .1895729      9461.724 
 .1947006      9296.958 
 .1998432      9139.464 
 .2049963      8988.947 
 .2101527      8845.083 
 .2153078      8707.612 
 .2204542      8576.246 
 .2255868      8450.755 
 .2306977      8330.884 
 .2357816      8216.43 
 .2409856      8103.891 
 .2461546      7996.451 
 .2512823      7893.933 
 .2565264      7793.018 
 .2617206      7696.749 
 .266858       7604.972 
 .2721071      7514.536 
 .2772897      7428.353 
 .2823989      7346.296 
 .2876138      7265.344 
 .2929373      7185.482 
 .2981757      7109.483 
 .3033212      7037.234 
 .3085681      6965.884 
 .3139192      6895.417 
 .3191643      6828.479 
 .3242953      6764.97 
 .3295219      6702.186 
 .3348463      6640.115 
 .3400422      6581.285 
 .3451011      6525.617 
 .3502482      6470.525 
 .3554853      6416.003 
 .3608146      6362.042 
 .3662384      6308.641 
 .3715049      6258.174 
 .3766047      6210.575 
 .3817878      6163.42 
 .3870557      6116.705 
 .3924104      6070.424 
 .3978536      6024.573 
 .4031077      5981.404 
 .4081626      5940.863 
 .4132937      5900.658 
 .4185022      5860.786 
 .4237899      5821.247 
 .4291581      5782.036 
 .4346084      5743.147 
 .4401423      5704.581 
 .4454463      5668.449 
 .4505098      5634.699 
 .4556429      5601.197 
 .4608471      5567.942 
 .4661234      5534.929 
 .4714731      5502.155 
 .4768975      5469.621 
 .4823979      5437.325 
 .4879755      5405.264 
 .4936316      5373.434 
 .4990062      5343.801 
 .5040874      5316.325 
 .5092319      5289.027 
 .5144404      5261.899 
 .5197141      5234.945 
 .5250539      5208.158 
 .5304607      5181.542 
 .5359355      5155.092 
 .5414795      5128.81 
 .5470938      5102.694 
 .5527793      5076.739 
 .5585371      5050.949 
 .5639486      5027.144 
 .5690016      5005.293 
 .5741102      4983.56 
 .5792748      4961.945 
 .5844965      4940.443 
 .5897758      4919.058 
 .5951136      4897.785 
 .6005107      4876.629 
 .6059678      4855.582 
 .6114858      4834.65 
 .6170654      4813.829 
 .6227075      4793.117 
 .6284129      4772.516 
 .6341826      4752.025 
 .6400172      4731.642 
 .6459177      4711.367 
 .6513845      4692.875 
 .6564043      4676.142 
 .6614717      4659.483 
 .6665871      4642.9 
 .671751       4626.387 
 .6769642      4609.946 
 .682227       4593.579 
 .6875402      4577.285 
 .6929041      4561.06 
 .6983197      4544.906 
 .7037871      4528.824 
 .7093072      4512.813 
 .7148806      4496.87 
 .7205078      4480.999 
 .7261896      4465.196 
 .7319266      4449.46 
 .7377194      4433.795 
 .7435685      4418.198 
 .7494746      4402.67 
 .7554388      4387.208 
 .7614613      4371.813 
 .7675428      4356.485 
 .7736845      4341.224 
 .7798866      4326.029 
 .7855203      4312.408 
 .7905707      4300.347 
 .795661       4288.326 
 .8007919      4276.35 
 .8059637      4264.413 
 .8111767      4252.516 
 .8164312      4240.663 
 .8217281      4228.851 
 .827067       4217.077 
 .832449       4205.345 
 .8378744      4193.653 
 .8433434      4182.003 
 .8488564      4170.391 
 .8544143      4158.82 
 .8600174      4147.289 
 .8656656      4135.797 
 .8713596      4124.344 
 .8771007      4112.931 
 .8828884      4101.557 
 .8887232      4090.223 
 .8946061      4078.926 
 .9005375      4067.668 
 .9065176      4056.449 
 .9125468      4045.27 
 .9186265      4034.127 
 .9247561      4023.022 
 .9309367      4011.956 
 .9371689      4000.928 
 .9434531      3989.937 
 .9497898      3978.983 
 .9561793      3968.065 
 .9626231      3957.188 
 .9691205      3946.345 
 .9756731      3935.54 
 .9822811      3924.772 
 .9881081      3915.379 
 .9931376      3907.35 
 .9981997      3899.343 
 1.003294      3891.354 
 1.008421      3883.387 
 1.01358       3875.439 
 1.018774      3867.513 
 1.023999      3859.605 
 1.02926       3851.72 
 1.034554      3843.852 
 1.039882      3836.006 
 1.045245      3828.179 
 1.050642      3820.372 
 1.056075      3812.584 
 1.061544      3804.818 
 1.067048      3797.069 
 1.072588      3789.341 
 1.078164      3781.633 
 1.083777      3773.943 
 1.089428      3766.273 
 1.095115      3758.623 
 1.100841      3750.992 
 1.106604      3743.38 
 1.112406      3735.787 
 1.118245      3728.214 
 1.124125      3720.659 
 1.130044      3713.122 
 1.136002      3705.609 
 1.142001      3698.109 
 1.148039      3690.63 
 1.154119      3683.17 
 1.16024       3675.73 
 1.166403      3668.306 
 1.172607      3660.902 
 1.178854      3653.518 
 1.185143      3646.15 
 1.191476      3638.802 
 1.197851      3631.473 
 1.204272      3624.161 
 1.210736      3616.866 
 1.217245      3609.594 
 1.2238        3602.336 
 1.2304        3595.098 
 1.237045      3587.876 
 1.243738      3580.675 
 1.250477      3573.489 
 1.257264      3566.323 
 1.264099      3559.173 
 1.270981      3552.043 
 1.277913      3544.93 
 1.284894      3537.834 
 1.291925      3530.757 
 1.299006      3523.695 
 1.306139      3516.654 
 1.313321      3509.628 
 1.320557      3502.621 
 1.327843      3495.63 
 1.335184      3488.658 
 1.342577      3481.702 
 1.350025      3474.765 
 1.35627       3468.994 
 1.361297      3464.389 
 1.366347      3459.79 
 1.371421      3455.2 
 1.376523      3450.616 
 1.381647      3446.038 
 1.386798      3441.471 
 1.391974      3436.909 
 1.397175      3432.356 
 1.402402      3427.809 
 1.407656      3423.273 
 1.412935      3418.741 
 1.418242      3414.218 
 1.423573      3409.703 
 1.428932      3405.192 
 1.43432       3400.693 
 1.439732      3396.197 
 1.445172      3391.711 
 1.450642      3387.233 
 1.456137      3382.76 
 1.461661      3378.297 
 1.467213      3373.841 
 1.472793      3369.39 
 1.478402      3364.948 
 1.48404       3360.514 
 1.489706      3356.086 
 1.495402      3351.666 
 1.501128      3347.253 
 1.506882      3342.846 
 1.512668      3338.448 
 1.518482      3334.056 
 1.524326      3329.672 
 1.530204      3325.294 
 1.536109      3320.926 
 1.542046      3316.563 
 1.548016      3312.207 
 1.554015      3307.857 
 1.560048      3303.516 
 1.566112      3299.183 
 1.572207      3294.856 
 1.578336      3290.535 
 1.584497      3286.223 
 1.590691      3281.915 
 1.596918      3277.617 
 1.603179      3273.325 
 1.609473      3269.039 
 1.615803      3264.763 
 1.622165      3260.491 
 1.628562      3256.228 
 1.634996      3251.97 
 1.641462      3247.721 
 1.647964      3243.477 
 1.654504      3239.24 
 1.661077      3235.011 
 1.667688      3230.789 
 1.674336      3226.573 
 1.681019      3222.364 
 1.68774       3218.162 
 1.694499      3213.968 
 1.701295      3209.779 
 1.708129      3205.599 
 1.715003      3201.423 
 1.721913      3197.255 
 1.728865      3193.094 
 1.735854      3188.94 
 1.742882      3184.792 
 1.749953      3180.651 
 1.757062      3176.517 
 1.764213      3172.39 
 1.771405      3168.27 
 1.778636      3164.155 
 1.785911      3160.048 
 1.793228      3155.948 
 1.800586      3151.853 
 1.807988      3147.766 
 1.815434      3143.686 
 1.822921      3139.611 
 1.830455      3135.543 
 1.838031      3131.48 
 1.845651      3127.426 
 1.853319      3123.378 
 1.86103       3119.339 
 1.868787      3115.303 
 1.876592      3111.274 
 1.884442      3107.253 
 1.89234       3103.238 
 1.900286      3099.229 
 1.908278      3095.225 
 1.91632       3091.229 
 1.92441       3087.24 
 1.932549      3083.256 
 1.940738      3079.28 
 1.948978      3075.311 
 1.957267      3071.346 
 1.96561       3067.388 
 1.974001      3063.438 
 1.982444      3059.493 
 1.990943      3055.553 
 1.999492      3051.622 
 2.008094      3047.696 
 2.016753      3043.777 
 2.025463      3039.862 
 2.03423       3035.957 
 2.043053      3032.057 
 2.051929      3028.161 
 2.060864      3024.272 
 2.069856      3020.393 
 2.078904      3016.515 
 2.088012      3012.646 
 2.097178      3008.784 
 2.106401      3004.926 
 2.115688      3001.075 
 2.125032      2997.229 
 2.134437      2993.39 
 2.143907      2989.559 
 2.153435      2985.732 
 2.163028      2981.912 
 2.172685      2978.098 
 2.182403      2974.291 
 2.192186      2970.489 
 2.202034      2966.691 
 2.211956      2962.903 
 2.219433      2960.064 
 2.22444       2958.173 
 2.229464      2956.285 
 2.234505      2954.398 
 2.239563      2952.512 
 2.244638      2950.628 
 2.24973       2948.743 
 2.254839      2946.863 
 2.259966      2944.983 
 2.265117      2943.104 
 2.270279      2941.228 
 2.275458      2939.353 
 2.280655      2937.479 
 2.28587       2935.607 
 2.291102      2933.737 
 2.296353      2931.867 
 2.301621      2930 
 2.306908      2928.134 
 2.312213      2926.266 
 2.317536      2924.402 
 2.322878      2922.542 
 2.328246      2920.682 
 2.333625      2918.823 
 2.339023      2916.966 
 2.344439      2915.109 
 2.349874      2913.256 
 2.355329      2911.403 
 2.360802      2909.552 
 2.366294      2907.701 
 2.371806      2905.85 
 2.377337      2904.003 
 2.382888      2902.158 
 2.388466      2900.314 
 2.394056      2898.471 
 2.399666      2896.631 
 2.405296      2894.79 
 2.410945      2892.952 
 2.416615      2891.115 
 2.422305      2889.281 
 2.428015      2887.446 
 2.433746      2885.612 
 2.439497      2883.781 
 2.445269      2881.951 
 2.45107       2880.124 
 2.456884      2878.296 
 2.462718      2876.472 
 2.468573      2874.648 
 2.47445       2872.827 
 2.480348      2871.006 
 2.486267      2869.187 
 2.492208      2867.369 
 2.49817       2865.552 
 2.504155      2863.734 
 2.510161      2861.922 
 2.516198      2860.108 
 2.522248      2858.298 
 2.52832       2856.489 
 2.534415      2854.682 
 2.540532      2852.875 
 2.546672      2851.07 
 2.552835      2849.266 
 2.55902       2847.464 
 2.565228      2845.664 
 2.571459      2843.863 
 2.577714      2842.064 
 2.583992      2840.267 
 2.590302      2838.473 
 2.596627      2836.679 
 2.602975      2834.888 
 2.609348      2833.097 
 2.615744      2831.308 
 2.622164      2829.519 
 2.628609      2827.734 
 2.635078      2825.949 
 2.641572      2824.163 
 2.648089      2822.38 
 2.654632      2820.599 
 2.66121       2818.82 
 2.667803      2817.042 
 2.67442       2815.266 
 2.681064      2813.49 
 2.687732      2811.716 
 2.694427      2809.944 
 2.701146      2808.173 
 2.707892      2806.404 
 2.714664      2804.633 
 2.721461      2802.866 
 2.728287      2801.1 
 2.735147      2799.336 
 2.742026      2797.573 
 2.748931      2795.813 
 2.755861      2794.053 
 2.762817      2792.294 
 2.769805      2790.538 
 2.776816      2788.782 
 2.783856      2787.027 
 2.790925      2785.275 
 2.79802       2783.521 
 2.805145      2781.771 
 2.812295      2780.021 
 2.819487      2778.273 
 2.826694      2776.528 
 2.833931      2774.784 
 2.841199      2773.04 
 2.848493      2771.298 
 2.855817      2769.558 
 2.863172      2767.818 
 2.870554      2766.081 
 2.877966      2764.341 
 2.88541       2762.606 
 2.892881      2760.873 
 2.900395      2759.141 
 2.907928      2757.41 
 2.91549       2755.68 
 2.923083      2753.952 
 2.930708      2752.225 
 2.938364      2750.499 
 2.946052      2748.775 
 2.953769      2747.053 
 2.961521      2745.328 
 2.969302      2743.609 
 2.977116      2741.889 
 2.984974      2740.171 
 2.99285       2738.456 
 3.000761      2736.741 
 3.008706      2735.028 
 3.01668       2733.315 
 3.024691      2731.604 
 3.032732      2729.896 
 3.04081       2728.187 
 3.048919      2726.481 
 3.057061      2724.773 
 3.06524       2723.069 
 3.073451      2721.366 
 3.081711      2719.666 
 3.08999       2717.965 
 3.098308      2716.266 
 3.106659      2714.569 
 3.115047      2712.873 
 3.123468      2711.178 
 3.131926      2709.485 
 3.140418      2707.793 
 3.14895       2706.099 
 3.157514      2704.411 
 3.166117      2702.722 
 3.17477       2701.036 
 3.183448      2699.35 
 3.192161      2697.666 
 3.200913      2695.983 
 3.209702      2694.302 
 3.218531      2692.622 
 3.227394      2690.943 
 3.236298      2689.265 
 3.245242      2687.587 
 3.254225      2685.911 
 3.263245      2684.238 
 3.272316      2682.565 
 3.281416      2680.894 
 3.290557      2679.225 
 3.299738      2677.556 
 3.308957      2675.889 
 3.318218      2674.223 
 3.327519      2672.56 
 3.336863      2670.896 
 3.346246      2669.232 
 3.355672      2667.571 
 3.365138      2665.912 
 3.374661      2664.253 
 3.384215      2662.597 
 3.39381       2660.942 
 3.403448      2659.287 
 3.413127      2657.635 
 3.422852      2655.983 
 3.432621      2654.333 
 3.442435      2652.683 
 3.452291      2651.036 
 3.462192      2649.386 
 3.472136      2647.742 
 3.482129      2646.098 
 3.492179      2644.455 
 3.502262      2642.814 
 3.512391      2641.174 
 3.522567      2639.536 
 3.532787      2637.898 
 3.543057      2636.262 
 3.553372      2634.627 
 3.563735      2632.993 
 3.574145      2631.359 
 3.584604      2629.728 
 3.595111      2628.097 
 3.605682      2626.469 
 3.616287      2624.842 
 3.626943      2623.216 
 3.637647      2621.591 
 3.648405      2619.968 
 3.659209      2618.345 
 3.670064      2616.724 
 3.680969      2615.104 
 3.691929      2613.483 
 3.702936      2611.866 
 3.713998      2610.25 
 3.725131      2608.635 
 3.736297      2607.022 
 3.747515      2605.41 
 3.75879       2603.798 
 3.770117      2602.19 
 3.781497      2600.581 
 3.792931      2598.973 
 3.804422      2597.367 
 3.815967      2595.76 
 3.827569      2594.157 
 3.839223      2592.555 
 3.850939      2590.954 
 3.862725      2589.354 
 3.874552      2587.756 
 3.886438      2586.158 
 3.89838       2584.562 
 3.910378      2582.968 
 3.922437      2581.373 
 3.934556      2579.781 
 3.946732      2578.191 
 3.958966      2576.598 
 3.971266      2575.01 
 3.983624      2573.421 
 3.99606       2571.835 
 4.00854       2570.251 
 4.021082      2568.667 
 4.033684      2567.084 
 4.046353      2565.503 
 4.059083      2563.923 
 4.071877      2562.344 
 4.084732      2560.767 
 4.097651      2559.187 
 4.110641      2557.612 
 4.123693      2556.038 
 4.136827      2554.465 
 4.150011      2552.895 
 4.163262      2551.323 
 4.176577      2549.755 
 4.189964      2548.187 
 4.203414      2546.621 
 4.216937      2545.055 
 4.230529      2543.491 
 4.244185      2541.925 
 4.257916      2540.363 
 4.271714      2538.803 
 4.285585      2537.243 
 4.299549      2535.685 
 4.313562      2534.128 
 4.327647      2532.573 
 4.341809      2531.018 
 4.356043      2529.463 
 4.370345      2527.912 
 4.384729      2526.361 
 4.399184      2524.811 
 4.413716      2523.26 
 4.428323      2521.713 
 4.443005      2520.166 
 4.457789      2518.621 
 4.472627      2517.077 
 4.487546      2515.534 
 4.502542      2513.993 
 4.517614      2512.452 
 4.532769      2510.913 
 4.548007      2509.375 
 4.563323      2507.839 
 4.578718      2506.3 
 4.594197      2504.766 
 4.609761      2503.233 
 4.625433      2501.701 
 4.641163      2500.17 
 4.65698       2498.639 
 4.672877      2497.111 
 4.688862      2495.584 
 4.704935      2494.058 
 4.721097      2492.532 
 4.737341      2491.009 
 4.753675      2489.484 
 4.770099      2487.962 
 4.786613      2486.441 
 4.803241      2484.923 
 4.819938      2483.405 
 4.836726      2481.888 
 4.853607      2480.373 
 4.870575      2478.858 
 4.887642      2477.344 
 4.904803      2475.833 
 4.922059      2474.321 
 4.939411      2472.809 
 4.956858      2471.3 
 4.974401      2469.792 
 4.992042      2468.286 
 5.00981       2466.781 
 5.027652      2465.276 
 5.045592      2463.774 
 5.063632      2462.272 
 5.081777      2460.771 
 5.100018      2459.272 
 5.11837       2457.773 
 5.136819      2456.276 
 5.155376      2454.777 
 5.174041      2453.283 
 5.19281       2451.789 
 5.21171       2450.296 
 5.230694      2448.804 
 5.24979       2447.315 
 5.268991      2445.825 
 5.288301      2444.337 
 5.307724      2442.851 
 5.32726       2441.365 
 5.346911      2439.88 
 5.366672      2438.394 
 5.386549      2436.911 
 5.406538      2435.43 
 5.426677      2433.95 
 5.446902      2432.471 
 5.467246      2430.994 
 5.48771       2429.516 
 5.508294      2428.041 
 5.529         2426.566 
 5.549823      2425.094 
 5.570774      2423.621 
 5.591843      2422.148 
 5.613043      2420.678 
 5.634368      2419.209 
 5.655814      2417.741 
 5.677426      2416.274 
 5.699133      2414.809 
 5.720968      2413.344 
 5.742933      2411.881 
 5.765034      2410.418 
 5.787266      2408.957 
 5.80963       2407.498 
 5.832128      2406.039 
 5.854766      2404.579 
 5.877538      2403.122 
 5.900452      2401.667 
 5.923539      2400.212 
 5.946727      2398.759 
 5.97006       2397.307 
 5.993533      2395.855 
 6.017151      2394.406 
 6.040918      2392.957 
 6.064826      2391.509 
 6.088885      2390.062 
 6.113088      2388.614 
 6.137442      2387.17 
 6.161948      2385.726 
 6.186639      2384.284 
 6.211454      2382.843 
 6.236418      2381.403 
 6.261539      2379.964 
 6.286818      2378.526 
 6.312255      2377.089 
 6.337852      2375.654 
 6.363605      2374.219 
 6.389526      2372.784 
 6.415609      2371.351 
 6.441858      2369.919 
 6.468272      2368.489 
 6.494892      2367.06 
 6.521641      2365.631 
 6.548565      2364.205 
 6.575654      2362.779 
 6.60292       2361.354 
 6.63036       2359.93 
 6.657979      2358.508 
 6.685774      2357.084 
 6.713746      2355.664 
 6.741901      2354.243 
 6.770236      2352.826 
 6.7988        2351.408 
 6.827503      2349.991 
 6.85639       2348.577 
 6.885474      2347.163 
 6.914738      2345.75 
 6.944201      2344.337 
 6.973854      2342.927 
 7.003703      2341.517 
 7.033743      2340.106 
 7.06399       2338.699 
 7.09443       2337.292 
 7.125123      2335.886 
 7.15597       2334.482 
 7.187016      2333.078 
 7.218275      2331.676 
 7.249743      2330.274 
 7.281421      2328.875 
 7.31331       2327.475 
 7.345405      2326.077 
 7.377722      2324.677 
 7.410264      2323.281 
 7.443016      2321.887 
 7.476038      2320.493 
 7.509238      2319.1 
 7.542661      2317.708 
 7.576316      2316.318 
 7.610197      2314.928 
 7.644306      2313.54 
 7.678645      2312.151 
 7.71323       2310.764 
 7.748041      2309.378 
 7.783095      2307.993 
 7.818393      2306.61 
 7.853929      2305.227 
 7.88977       2303.845 
 7.925805      2302.465 
 7.962086      2301.086 
 7.998627      2299.707 
 8.03541       2298.331 
 8.072458      2296.954 
 8.109767      2295.579 
 8.147336      2294.205 
 8.185163      2292.83 
 8.223254      2291.458 
 8.261621      2290.087 
 8.300319      2288.718 
 8.339223      2287.348 
 8.378409      2285.981 
 8.417871      2284.613 
 8.457613      2283.248 
 8.497635      2281.883 
 8.537951      2280.519 
 8.578551      2279.156 
 8.619448      2277.793 
 8.660626      2276.431 
 8.702105      2275.073 
 8.743949      2273.714 
 8.78603       2272.356 
 8.828419      2271 
 8.871111      2269.644 
 8.914114      2268.29 
 8.957435      2266.936 
 9.001067      2265.583 
 9.045017      2264.232 
 9.089293      2262.879 
 9.133884      2261.53 
 9.178814      2260.181 
 9.224067      2258.833 
 9.269727      2257.488 
 9.315651      2256.141 
 9.361917      2254.797 
 9.408532      2253.454 
 9.455484      2252.112 
 9.502795      2250.77 
 9.550447      2249.43 
 9.598464      2248.088 
 9.646845      2246.75 
 9.69558       2245.412 
 9.744684      2244.076 
 9.794236      2242.741 
 9.844087      2241.407 
 9.894312      2240.073 
 9.944921      2238.741 
 9.99591       2237.409 
 10.04729      2236.079 
 10.09906      2234.75 
 10.15123      2233.421 
 10.20379      2232.092 
 10.25676      2230.765 
 10.31013      2229.44 
 10.36401      2228.115 
 10.41821      2226.792 
 10.47283      2225.469 
 10.52787      2224.147 
 10.58334      2222.828 
 10.63924      2221.508 
 10.69559      2220.19 
 10.75236      2218.872 
 10.80958      2217.553 
 10.86724      2216.238 
 10.92537      2214.923 
 10.98395      2213.609 
 11.04308      2212.297 
 11.10258      2210.986 
 11.16257      2209.675 
 11.22302      2208.365 
 11.28396      2207.057 
 11.34537      2205.749 
 11.40728      2204.442 
 11.46969      2203.135 
 11.53259      2201.83 
 11.596        2200.526 
 11.65992      2199.223 
 11.72444      2197.921 
 11.7894       2196.621 
 11.85487      2195.32 
 11.92089      2194.021 
 11.98744      2192.724 
