##	T_init	T_i_pt	T_final	T_f_pt	H_init	H_i_pt	H_final	H_f_pt	LI1	LI2	Wt	 Phi	Phi_f	#steps	I_init	I_final	Angle_i	Angle_f	6221_cu	6221_fr	6221_off
#6	0.025	0.010	0.500	0.005	0.000	0.100	0.000	0.100	12	26	00	000	 000	 020	0.000	0.000	0.000	0.000	100E-6	 511	0.000
#0	0.000	0.000	0.000	0.000	0.000	0.000	0.000	0.000	00	00	000	000	 000	 000	0.000	0.000	0.000	0.0000	0.0000	 000	00000
#6	0.020	0.010	1.000	0.005	0.000	0.100	0.000	0.100	12	26	60	000	 000	 070	0.000	0.000	0.000	0.000	0.0000	 000	0.000
#6	0.055	0.010	1.000	0.005	0.000	0.100	0.000	0.100	12	26	00	000	 000	 045	0.000	0.000	0.000	0.000	0.0000	 000	0.000
#6	1.050	0.010	1.200	0.005	0.000	0.100	0.000	0.100	12	26	00	000	 000	 004	0.000	0.000	0.000	0.000	0.0000	 000	0.000
#6	1.16351	0.050	4.000	0.050	0.000	0.100	0.000	0.100	12	26	00	000	 000	 023	0.000	0.000	0.000	0.000	0.0000	 000	0.000
#6	4.250	0.250	20.000	0.250	0.000	0.100	0.000	0.100	12	26	00	000	 000	 015	0.000	0.000	0.000	0.000	0.0000	 000	0.000
#6	1.150	0.050	20.000	0.100	0.000	0.100	0.000	0.100	12	26	00	000	 000	 045	0.000	0.000	0.000	0.000	0.0000	 000	0.000
6	2.50	0.050	20.000	0.100	0.000	0.100	0.000	0.100	12	26	00	000	 000	 045	0.000	0.000	0.000	0.000	0.0000	 000	0.000
0	0.000	0.000	0.000	0.000	0.000	0.000	0.000	0.000	00	00	000	000	 000	 000	0.000	0.000	0.000	0.0000	0.0000	 000	00000