#	T_init	T_i_pt	T_final	T_f_pt	H_init	H_i_pt	H_final	H_f_pt	LI1	LI2	LI3	Wt	NV%	#steps	I_init	I_final	Angle_i	Angle_f	622_amp	6221_fr	6221_off
#
# CoSi HKZ7 (annealed) with AMETEK Low noise trafos (1:100) for LIA1, LIA2 and LIA3; LIA 1 and 2 are SR830s and LIA3 is AMETEK 7230
#
# B in [001]
#
# Very slow sweep rate (30mT/min) to make the field sweep uniformely
# Excitation I=10mA rms via Keithley 6221 current source
#
# MFLI Lock-In Amplifier from Zurich Instruments
# Signal Input (Demod1) is connected to the Hall Contacts with Amplification 1:100 via AMETEK Model 1900 Low Noise Transformer
# Aux Input 1 (Demod2) is connected to longitudinal (Spine) voltage contacts with Amplification  1:100.000 via AMETEK Model 1900 Low Noise Transformer (1:100) and Model 5113 Preamp 1:1000
# Time constant is 3s for both channels and Filter order is 4 (24dB/oct)
#
# 5.0K FS from 5 to 18T
#1	05.0	00.05	05.0	00.05	5	0.20	18	0.03	26	26	26	5	00	0	000.00	000.00	0.00	0.00	0.0100	022.08	000.00
#1	05.0	00.05	05.0	00.05	18	0.10	5	0.03	26	26	26	1	00	0	000.00	000.00	0.00	0.00	0.0100	022.08	000.00
#
# 10.0K FS from 5 to 18T
#1	10.0	00.05	10.0	00.05	5	0.20	18	0.03	26	26	26	30	00	0	000.00	000.00	0.00	0.00	0.0100	022.08	000.00
#1	10.0	00.05	10.0	00.05	18	0.10	5	0.03	26	26	26	1	00	0	000.00	000.00	0.00	0.00	0.0100	022.08	000.00
#
# 20.0K FS from 5 to 18T
#1	20.0	00.05	20.0	00.05	5	0.20	18	0.03	26	26	26	100	00	0	000.00	000.00	0.00	0.00	0.0100	022.08	000.00
#1	20.0	00.05	20.0	00.05	18	0.10	5	0.03	26	26	26	1	00	0	000.00	000.00	0.00	0.00	0.0100	022.08	000.00
#
# 30.0K FS from 5 to 18T
#1	30.0	00.05	30.0	00.05	5	0.20	18	0.03	26	26	26	120	00	0	000.00	000.00	0.00	0.00	0.0100	022.08	000.00
#1	30.0	00.05	30.0	00.05	18	0.10	5	0.03	26	26	26	1	00	0	000.00	000.00	0.00	0.00	0.0100	022.08	000.00
#
# 40.0K FS from 5 to 18T
#1	40.0	00.05	40.0	00.05	5	0.20	18	0.03	26	26	26	180	00	0	000.00	000.00	0.00	0.00	0.0100	022.08	000.00
#1	40.0	00.05	40.0	00.05	18	0.10	5	0.03	26	26	26	1	00	0	000.00	000.00	0.00	0.00	0.0100	022.08	000.00
#
# 50.0K FS from 5 to 18T
#1	50.0	00.05	50.0	00.05	5	0.20	18	0.03	26	26	26	180	00	0	000.00	000.00	0.00	0.00	0.0100	022.08	000.00
#1	50.0	00.05	50.0	00.05	18	0.10	5	0.03	26	26	26	1	00	0	000.00	000.00	0.00	0.00	0.0100	022.08	000.00
#
# 60.0K FS from 5 to 18T
#1	60.0	00.05	60.0	00.05	5	0.20	18	0.03	26	26	26	180	00	0	000.00	000.00	0.00	0.00	0.0100	022.08	000.00
#1	60.0	00.05	60.0	00.05	18	0.10	5	0.03	26	26	26	1	00	0	000.00	000.00	0.00	0.00	0.0100	022.08	000.00
#
# 15.0K FS from 5 to 18T
#1	15.0	00.05	15.0	00.05	5	0.20	18	0.03	26	26	26	180	00	0	000.00	000.00	0.00	0.00	0.0100	022.08	000.00
#1	15.0	00.05	15.0	00.05	18	0.10	5	0.03	26	26	26	1	00	0	000.00	000.00	0.00	0.00	0.0100	022.08	000.00
#
# 25.0K FS from 5 to 18T
#1	25.0	00.05	25.0	00.05	5	0.20	18	0.03	26	26	26	120	00	0	000.00	000.00	0.00	0.00	0.0100	022.08	000.00
#1	25.0	00.05	25.0	00.05	18	0.10	5	0.03	26	26	26	1	00	0	000.00	000.00	0.00	0.00	0.0100	022.08	000.00
#
# 35.0K FS from 5 to 18T
#1	35.0	00.05	35.0	00.05	5	0.20	18	0.03	26	26	26	150	00	0	000.00	000.00	0.00	0.00	0.0100	022.08	000.00
#1	35.0	00.05	35.0	00.05	18	0.10	5	0.03	26	26	26	1	00	0	000.00	000.00	0.00	0.00	0.0100	022.08	000.00
#
# 45.0K FS from 5 to 18T
#1	45.0	00.05	45.0	00.05	5	0.20	18	0.03	26	26	26	180	00	0	000.00	000.00	0.00	0.00	0.0100	022.08	000.00
#1	45.0	00.05	45.0	00.05	18	0.10	5	0.03	26	26	26	1	00	0	000.00	000.00	0.00	0.00	0.0100	022.08	000.00
#
# 55.0K FS from 5 to 18T
#1	55.0	00.05	55.0	00.05	5	0.20	18	0.03	26	26	26	180	00	0	000.00	000.00	0.00	0.00	0.0100	022.08	000.00
#1	55.0	00.05	55.0	00.05	18	0.10	5	0.03	26	26	26	1	00	0	000.00	000.00	0.00	0.00	0.0100	022.08	000.00
#
# 70.0K FS from 5 to 18T
#1	70.0	00.05	70.0	00.05	5	0.20	18	0.03	26	26	26	180	00	0	000.00	000.00	0.00	0.00	0.0100	022.08	000.00
#1	70.0	00.05	70.0	00.05	18	0.10	5	0.03	26	26	26	1	00	0	000.00	000.00	0.00	0.00	0.0100	022.08	000.00
#
# 2.5K FS from 5 to 18T
#1	2.5	00.05	2.5	00.05	5	0.20	18	0.03	26	26	26	180	00	0	000.00	000.00	0.00	0.00	0.0100	022.08	000.00
#1	2.5	00.05	2.5	00.05	18	0.10	5	0.03	26	26	26	1	00	0	000.00	000.00	0.00	0.00	0.0100	022.08	000.00
#
# 7.5K FS from 5 to 18T
#1	7.5	00.05	7.5	00.05	5	0.20	18	0.03	26	26	26	60	00	0	000.00	000.00	0.00	0.00	0.0100	022.08	000.00
#1	7.5	00.05	7.5	00.05	18	0.10	5	0.03	26	26	26	1	00	0	000.00	000.00	0.00	0.00	0.0100	022.08	000.00
#
# Rerun 45.0K FS from 5 to 18T
1	45.0	00.05	45.0	00.05	5	0.20	18	0.03	26	26	26	10	00	0	000.00	000.00	0.00	0.00	0.0100	022.08	000.00
1	45.0	00.05	45.0	00.05	18	0.10	5	0.03	26	26	26	1	00	0	000.00	000.00	0.00	0.00	0.0100	022.08	000.00
#
# Ramping down the field and setting the temperature to 300K
1	45.0	00.05	45.0	00.05	5	0.20	0	0.20	26	26	26	1	00	0	000.00	000.00	0.00	0.00	0.0100	022.08	000.00
1	300.0	00.05	300.0	00.05	0	0.10	0	0.20	26	26	26	1	00	0	000.00	000.00	0.00	0.00	0.0100	022.08	000.00
#
# End of command file
0