#	T_init	T_i_pt	T_final	T_f_pt	H_init	H_i_pt	H_final	H_f_pt	LI1	LI2	LI3	Wt	NV%	#steps	I_init	I_final	Angle_i	Angle_f	622_amp	6221_fr	6221_off
# FS 2.0K 
#1	02.177	0.5	02.177	0.5	18	0.20	-18	0.1	26	26	26	5	00	0	000.00	000.00	0.00	0.00	0.0050	022.08	000.00
#1	02.177	0.5	02.177	0.5	-18	0.20	18	0.1	26	26	26	1	00	0	000.00	000.00	0.00	0.00	0.0050	022.08	000.00
# Feld raus
#1	02.177	0.5	02.177	0.5	18	0.20	0	0.2	26	26	26	0.0	00	0	000.00	000.00	0.00	0.00	0.0050	022.08	000.00
# FS 10.0K 
#1	10.74	0.5	10.74	0.5	18	0.50	-18	0.1	26	26	26	1	00	0	000.00	000.00	0.00	0.00	0.0050	022.08	000.00
#1	10.74	0.5	10.74	0.5	-18	0.50	18	0.1	26	26	26	1	00	0	000.00	000.00	0.00	0.00	0.0050	022.08	000.00
# Feld raus
#1	10.74	0.5	10.74	0.5	18	0.50	0	0.5	26	26	26	0.0	00	0	000.00	000.00	0.00	0.00	0.0050	022.08	000.00
# FS 20.0K 
#1	20.9	0.5	20.9	0.5	18	0.50	-18	0.1	26	26	26	30	00	0	000.00	000.00	0.00	0.00	0.0050	022.08	000.00
#1	20.9	0.5	20.9	0.5	-18	0.50	18	0.1	26	26	26	1	00	0	000.00	000.00	0.00	0.00	0.0050	022.08	000.00
# Feld raus
#1	20.9	0.5	20.9	0.5	18	0.50	0	0.5	26	26	26	0.0	00	0	000.00	000.00	0.00	0.00	0.0050	022.08	000.00
# FS 50.0K 
#1	52	0.5	52	0.5	18	0.50	-18	0.1	26	26	26	5	00	0	000.00	000.00	0.00	0.00	0.0050	022.08	000.00
#1	52	0.5	52	0.5	-18	0.50	18	0.1	26	26	26	1	00	0	000.00	000.00	0.00	0.00	0.0050	022.08	000.00
# Feld raus
#1	52	0.5	52	0.5	18	0.50	0	0.5	26	26	26	0.0	00	0	000.00	000.00	0.00	0.00	0.0050	022.08	000.00
# FS 10.0K 
#1	10.36	0.5	10.36	0.5	18	0.50	-18	0.1	26	26	26	30	00	0	000.00	000.00	0.00	0.00	0.0050	022.08	000.00
#1	10.36	0.5	10.36	0.5	-18	0.50	18	0.1	26	26	26	1	00	0	000.00	000.00	0.00	0.00	0.0050	022.08	000.00
# Feld raus
#1	10.36	0.5	10.36	0.5	18	0.50	0	0.5	26	26	26	0.0	00	0	000.00	000.00	0.00	0.00	0.0050	022.08	000.00
# FS 2.0K 
#1	02.177	0.5	02.177	0.5	17	0.1	20	0.1	26	26	26	1	00	0	000.00	000.00	0.00	0.00	0.0050	022.08	000.00
#1	02.177	0.5	02.177	0.5	20	0.1	17	0.1	26	26	26	1	00	0	000.00	000.00	0.00	0.00	0.0050	022.08	000.00
# FS 10.0K 
#1	10.58	0.5	10.58	0.5	17	0.1	20	0.1	26	26	26	0.0	00	0	000.00	000.00	0.00	0.00	0.0050	022.08	000.00
#1	10.58	0.5	10.58	0.5	20	0.1	17	0.1	26	26	26	0.0	00	0	000.00	000.00	0.00	0.00	0.0050	022.08	000.00
# FS 20.0K 
#1	20.97	0.5	20.97	0.5	17	0.1	20	0.1	26	26	26	0.0	00	0	000.00	000.00	0.00	0.00	0.0050	022.08	000.00
#1	20.97	0.5	20.97	0.5	20	0.1	17	0.1	26	26	26	0.0	00	0	000.00	000.00	0.00	0.00	0.0050	022.08	000.00
# FS 2.0K 
#1	02.177	0.5	02.177	0.5	-17	0.1	-20	0.1	26	26	26	0.0	00	0	000.00	000.00	0.00	0.00	0.0050	022.08	000.00
#1	02.177	0.5	02.177	0.5	-20	0.1	-17	0.1	26	26	26	0.0	00	0	000.00	000.00	0.00	0.00	0.0050	022.08	000.00
# FS 10.0K 
#1	10.36	0.5	10.36	0.5	-17	0.1	-20	0.1	26	26	26	0.0	00	0	000.00	000.00	0.00	0.00	0.0050	022.08	000.00
#1	10.36	0.5	10.36	0.5	-20	0.1	-17	0.1	26	26	26	0.0	00	0	000.00	000.00	0.00	0.00	0.0050	022.08	000.00
# FS 20.0K 
#1	20.75	0.5	20.75	0.5	-17	0.1	-20	0.1	26	26	26	0.0	00	0	000.00	000.00	0.00	0.00	0.0050	022.08	000.00
#1	20.75	0.5	20.75	0.5	-20	0.1	-17	0.1	26	26	26	0.0	00	0	000.00	000.00	0.00	0.00	0.0050	022.08	000.00
# FS 2.0K 
1	02.185	0.5	02.185	0.5	18	0.50	-18	0.1	26	26	26	10.0	00	0	000.00	000.00	0.00	0.00	0.0050	022.08	000.00
1	02.185	0.5	02.185	0.5	-18	0.50	18	0.1	26	26	26	0.0	00	0	000.00	000.00	0.00	0.00	0.0050	022.08	000.00
# Feld raus
1	02.185	0.5	02.185	0.5	18	0.50	0	0.5	26	26	26	0.0	00	0	000.00	000.00	0.00	0.00	0.0050	022.08	000.00
0