#	T_init	T_i_pt	T_final	T_f_pt	H_init	H_i_pt	H_final	H_f_pt	LI1	LI2	LI3	Wait(min)	NVc	#steps	I_init	I_final	Angle_i	Angle_f	6221_amp	6221_fr	6221_off
1	300.0	2.0	300.0	2.0	1.0000	0.5000	-0.7000	0.3500	14	13	14	0.0	0.0000	0.0000	26.0000	26.0000	0.0000	0.0000	0.0000	911.0	0.0
1	300.0	2.0	300.0	2.0	-0.7000	0.3500	0.4900	0.2450	14	13	14	0.0	0.0000	0.0000	26.0000	26.0000	0.0000	0.0000	0.0000	911.0	0.0
1	300.0	2.0	300.0	2.0	0.4900	0.2450	-0.3430	0.1715	14	13	14	0.0	0.0000	0.0000	26.0000	26.0000	0.0000	0.0000	0.0000	911.0	0.0
1	300.0	2.0	300.0	2.0	-0.3430	0.1715	0.2401	0.1200	14	13	14	0.0	0.0000	0.0000	26.0000	26.0000	0.0000	0.0000	0.0000	911.0	0.0
1	300.0	2.0	300.0	2.0	0.2401	0.1200	-0.1681	0.0840	14	13	14	0.0	0.0000	0.0000	26.0000	26.0000	0.0000	0.0000	0.0000	911.0	0.0
1	300.0	2.0	300.0	2.0	-0.1681	0.0840	0.1176	0.0588	14	13	14	0.0	0.0000	0.0000	26.0000	26.0000	0.0000	0.0000	0.0000	911.0	0.0
1	300.0	2.0	300.0	2.0	0.1176	0.0588	-0.0824	0.0412	14	13	14	0.0	0.0000	0.0000	26.0000	26.0000	0.0000	0.0000	0.0000	911.0	0.0
1	300.0	2.0	300.0	2.0	-0.0824	0.0412	0.0576	0.0288	14	13	14	0.0	0.0000	0.0000	26.0000	26.0000	0.0000	0.0000	0.0000	911.0	0.0
1	300.0	2.0	300.0	2.0	0.0576	0.0288	-0.0404	0.0202	14	13	14	0.0	0.0000	0.0000	26.0000	26.0000	0.0000	0.0000	0.0000	911.0	0.0
1	300.0	2.0	300.0	2.0	-0.0404	0.0202	0.0282	0.0141	14	13	14	0.0	0.0000	0.0000	26.0000	26.0000	0.0000	0.0000	0.0000	911.0	0.0
1	300.0	2.0	300.0	2.0	0.0282	0.0141	-0.0198	0.0099	14	13	14	0.0	0.0000	0.0000	26.0000	26.0000	0.0000	0.0000	0.0000	911.0	0.0
1	300.0	2.0	300.0	2.0	-0.0198	0.0099	0.0138	0.0069	14	13	14	0.0	0.0000	0.0000	26.0000	26.0000	0.0000	0.0000	0.0000	911.0	0.0
1	300.0	2.0	300.0	2.0	0.0138	0.0069	-0.0097	0.0048	14	13	14	0.0	0.0000	0.0000	26.0000	26.0000	0.0000	0.0000	0.0000	911.0	0.0
1	300.0	2.0	300.0	2.0	-0.0097	0.0048	0.0068	0.0034	14	13	14	0.0	0.0000	0.0000	26.0000	26.0000	0.0000	0.0000	0.0000	911.0	0.0
1	300.0	2.0	300.0	2.0	0.0068	0.0034	-0.0047	0.0024	14	13	14	0.0	0.0000	0.0000	26.0000	26.0000	0.0000	0.0000	0.0000	911.0	0.0
1	300.0	2.0	300.0	2.0	-0.0047	0.0024	0.0033	0.0017	14	13	14	0.0	0.0000	0.0000	26.0000	26.0000	0.0000	0.0000	0.0000	911.0	0.0
1	300.0	2.0	300.0	2.0	0.0033	0.0017	-0.0023	0.0012	14	13	14	0.0	0.0000	0.0000	26.0000	26.0000	0.0000	0.0000	0.0000	911.0	0.0
1	300.0	2.0	300.0	2.0	-0.0023	0.0012	0.0016	0.0008	14	13	14	0.0	0.0000	0.0000	26.0000	26.0000	0.0000	0.0000	0.0000	911.0	0.0
# ab hier Sweeprate zu langsam min. 0.001 T/min --> ändern!
1	300.0	2.0	300.0	2.0	0.0016	0.0008	-0.0011	0.0006	14	13	14	0.0	0.0000	0.0000	26.0000	26.0000	0.0000	0.0000	0.0000	911.0	0.0
1	300.0	2.0	300.0	2.0	-0.0011	0.0006	0.0008	0.0004	14	13	14	0.0	0.0000	0.0000	26.0000	26.0000	0.0000	0.0000	0.0000	911.0	0.0
1	300.0	2.0	300.0	2.0	0.0008	0.0004	-0.0006	0.0003	14	13	14	0.0	0.0000	0.0000	26.0000	26.0000	0.0000	0.0000	0.0000	911.0	0.0
1	300.0	2.0	300.0	2.0	-0.0006	0.0003	0.0004	0.0002	14	13	14	0.0	0.0000	0.0000	26.0000	26.0000	0.0000	0.0000	0.0000	911.0	0.0
1	300.0	2.0	300.0	2.0	0.0004	0.0002	-0.0003	0.0001	14	13	14	0.0	0.0000	0.0000	26.0000	26.0000	0.0000	0.0000	0.0000	911.0	0.0
1	300.0	2.0	300.0	2.0	-0.0003	0.0001	0.0002	0.0001	14	13	14	0.0	0.0000	0.0000	26.0000	26.0000	0.0000	0.0000	0.0000	911.0	0.0
1	300.0	2.0	300.0	2.0	0.0002	0.0001	-0.0001	0.0001	14	13	14	0.0	0.0000	0.0000	26.0000	26.0000	0.0000	0.0000	0.0000	911.0	0.0
# END
#
#2	300	3.00	2	2	0	0.1	0	0.1	14	13	14	20	0.0000	0.0000	0.0000	0.0000	0.0000	0.0000	0.002	911.0	0.0
#2	2	3.00	300	2	0	0.1	0	0.1	14	13	14	20	0.0000	0.0000	0.0000	0.0000	0.0000	0.0000	0.002	911.0	0.0
#2	300	3.00	2	2	0	0.1	0	0.1	14	13	14	20	0.0000	0.0000	0.0000	0.0000	0.0000	0.0000	0.002	911.0	0.0
#2	2	3.00	300	2	0	0.1	0	0.1	14	13	14	20	0.0000	0.0000	0.0000	0.0000	0.0000	0.0000	0.002	911.0	0.0
#
#2	300	3.00	2	2	0	0.1	0	0.1	14	13	14	20	0.0000	0.0000	0.0000	0.0000	0.0000	0.0000	0.002	911.0	0.0
#1	2	1.00	2	1	0	0.1	0.002	0.0042	14	13	00	0.0	0.0000	0.0000	0.0000	0.0000	0.0000	0.0000	0.002	911.0	0.0
#2	2	3.00	300	2	0.002	0.1	0.002	0.1	14	13	14	20	0.0000	0.0000	0.0000	0.0000	0.0000	0.0000	0.002	911.0	0.0
#1	300	1.00	300	1	0.002	0.1	0	0.0042	14	13	00	0.0	0.0000	0.0000	0.0000	0.0000	0.0000	0.0000	0.002	911.0	0.0
#
#2	300	3.00	2	2	0	0.1	0	0.1	14	13	14	20	0.0000	0.0000	0.0000	0.0000	0.0000	0.0000	0.002	911.0	0.0
#1	2	1.00	2	1	0	0.1	0.010	0.0042	14	13	00	0.0	0.0000	0.0000	0.0000	0.0000	0.0000	0.0000	0.002	911.0	0.0
#2	2	3.00	300	2	0.010	0.1	0.010	0.1	14	13	14	20	0.0000	0.0000	0.0000	0.0000	0.0000	0.0000	0.002	911.0	0.0
#1	300	1.00	300	1	0.010	0.1	0	0.0042	14	13	00	0.0	0.0000	0.0000	0.0000	0.0000	0.0000	0.0000	0.002	911.0	0.0
#
#2	300	3.00	2	2	0	0.1	0	0.1	14	13	14	20	0.0000	0.0000	0.0000	0.0000	0.0000	0.0000	0.002	911.0	0.0
#1	2	1.00	2	1	0	0.1	0.050	0.0042	14	13	00	0.0	0.0000	0.0000	0.0000	0.0000	0.0000	0.0000	0.002	911.0	0.0
#2	2	3.00	300	2	0.050	0.1	0.050	0.1	14	13	14	20	0.0000	0.0000	0.0000	0.0000	0.0000	0.0000	0.002	911.0	0.0
#1	300	1.00	300	1	0.050	0.1	0	0.0042	14	13	00	0.0	0.0000	0.0000	0.0000	0.0000	0.0000	0.0000	0.002	911.0	0.0
#
#2	300	3.00	2	2	0	0.1	0	0.1	14	13	14	20	0.0000	0.0000	0.0000	0.0000	0.0000	0.0000	0.002	911.0	0.0
#1	2	1.00	2	1	0	0.1	0.250	0.0042	14	13	00	0.0	0.0000	0.0000	0.0000	0.0000	0.0000	0.0000	0.002	911.0	0.0
#2	2	3.00	300	2	0.250	0.1	0.250	0.1	14	13	14	20	0.0000	0.0000	0.0000	0.0000	0.0000	0.0000	0.002	911.0	0.0
#1	300	1.00	300	1	0.250	0.1	0	0.0042	14	13	00	0.0	0.0000	0.0000	0.0000	0.0000	0.0000	0.0000	0.002	911.0	0.0
#
#
#2	300	1.00	2	2	0	0.1	0	0.1	14	13	14	20	0.0000	0.0000	0.0000	0.0000	0.0000	0.0000	0.002	911.0	0.0
#1	2	1.00	2	1	0	0.1	0.25	0.0042	14	13	00	0.0	0.0000	0.0000	0.0000	0.0000	0.0000	0.0000	0.002	911.0	0.0
#1	2	1.00	2	3	0.25	0.10	-0.25	0.0042	14	13	00	0.0	0.0000	0.0000	0.0000	0.0000	0.0000	0.0000	0.002	911.0	0.0
#1	2	1.00	2	3	-0.25	0.10	0.25	0.0042	14	13	00	0.0	0.0000	0.0000	0.0000	0.0000	0.0000	0.0000	0.002	911.0	0.0
#1	2	1.00	2	3	0.25	0.10	0	0.0042	14	13	00	0.0	0.0000	0.0000	0.0000	0.0000	0.0000	0.0000	0.002	911.0	0.0
#2	2	1.00	50	2	0	0.1	0	0.1	14	13	14	20	0.0000	0.0000	0.0000	0.0000	0.0000	0.0000	0.002	911.0	0.0
#
2	300	1.00	5	2	0	0.1	0	0.1	14	13	14	30	0.0000	0.0000	0.0000	0.0000	0.0000	0.0000	0.002	911.0	0.0
1	5	1.00	5	1	0	0.1	0.25	0.0042	14	13	00	0.0	0.0000	0.0000	0.0000	0.0000	0.0000	0.0000	0.002	911.0	0.0
1	5	1.00	5	3	0.25	0.10	-0.25	0.0042	14	13	00	0.0	0.0000	0.0000	0.0000	0.0000	0.0000	0.0000	0.002	911.0	0.0
1	5	1.00	5	3	-0.25	0.10	0.25	0.0042	14	13	00	0.0	0.0000	0.0000	0.0000	0.0000	0.0000	0.0000	0.002	911.0	0.0
1	5	1.00	5	3	0.25	0.10	0	0.0042	14	13	00	0.0	0.0000	0.0000	0.0000	0.0000	0.0000	0.0000	0.002	911.0	0.0
2	5	1.00	50	2	0	0.1	0	0.1	14	13	14	30	0.0000	0.0000	0.0000	0.0000	0.0000	0.0000	0.002	911.0	0.0
#
2	50	1.00	10	2	0	0.1	0	0.1	14	13	14	30	0.0000	0.0000	0.0000	0.0000	0.0000	0.0000	0.002	911.0	0.0
1	10	1.00	10	1	0	0.1	0.25	0.0042	14	13	00	0.0	0.0000	0.0000	0.0000	0.0000	0.0000	0.0000	0.002	911.0	0.0
1	10	1.00	10	3	0.25	0.10	-0.25	0.0042	14	13	00	0.0	0.0000	0.0000	0.0000	0.0000	0.0000	0.0000	0.002	911.0	0.0
1	10	1.00	10	3	-0.25	0.10	0.25	0.0042	14	13	00	0.0	0.0000	0.0000	0.0000	0.0000	0.0000	0.0000	0.002	911.0	0.0
1	10	1.00	10	3	0.25	0.10	0	0.0042	14	13	00	0.0	0.0000	0.0000	0.0000	0.0000	0.0000	0.0000	0.002	911.0	0.0
2	10	1.00	50	2	0	0.1	0	0.1	14	13	14	30	0.0000	0.0000	0.0000	0.0000	0.0000	0.0000	0.002	911.0	0.0
#
2	50	1.00	20	2	0	0.1	0	0.1	14	13	14	30	0.0000	0.0000	0.0000	0.0000	0.0000	0.0000	0.002	911.0	0.0
1	20	1.00	20	1	0	0.1	0.25	0.0042	14	13	00	0.0	0.0000	0.0000	0.0000	0.0000	0.0000	0.0000	0.002	911.0	0.0
1	20	1.00	20	3	0.25	0.10	-0.25	0.0042	14	13	00	0.0	0.0000	0.0000	0.0000	0.0000	0.0000	0.0000	0.002	911.0	0.0
1	20	1.00	20	3	-0.25	0.10	0.25	0.0042	14	13	00	0.0	0.0000	0.0000	0.0000	0.0000	0.0000	0.0000	0.002	911.0	0.0
1	20	1.00	20	3	0.25	0.10	0	0.0042	14	13	00	0.0	0.0000	0.0000	0.0000	0.0000	0.0000	0.0000	0.002	911.0	0.0
2	20	1.00	50	2	0	0.1	0	0.1	14	13	14	30	0.0000	0.0000	0.0000	0.0000	0.0000	0.0000	0.002	911.0	0.0
#
1	50	1.00	50	1	0	0.1	0.25	0.0042	14	13	00	0.0	0.0000	0.0000	0.0000	0.0000	0.0000	0.0000	0.002	911.0	0.0
1	50	1.00	50	3	0.25	0.10	-0.25	0.0042	14	13	00	0.0	0.0000	0.0000	0.0000	0.0000	0.0000	0.0000	0.002	911.0	0.0
1	50	1.00	50	3	-0.25	0.10	0.25	0.0042	14	13	00	0.0	0.0000	0.0000	0.0000	0.0000	0.0000	0.0000	0.002	911.0	0.0
1	50	1.00	50	3	0.25	0.10	0	0.0042	14	13	00	0.0	0.0000	0.0000	0.0000	0.0000	0.0000	0.0000	0.002	911.0	0.0
2	50	1.00	70	2	0	0.1	0	0.1	14	13	14	30	0.0000	0.0000	0.0000	0.0000	0.0000	0.0000	0.002	911.0	0.0
#
0 0.000 0.000 0.000 