Sensor Model:   Speer Leiden Cryogenics
Serial Number:  S9905
Data Format:    4      (Log Ohms vs. Kelvin)
SetPoint Limit: 4.2     (Kelvin)
Temperature coefficient:  1 (Negative)
Number of Breakpoints:   120

No.   Units      Temperature (K)
  1  2.88874        4.20000
  2  2.89606        3.98141
  3  2.90339        3.77419
  4  2.91071        3.57776
  5  2.91804        3.39155
  6  2.92536        3.21504
  7  2.93268        3.04771
  8  2.94001        2.88908
  9  2.94733        2.73872
 10  2.95465        2.59618
 11  2.96198        2.46106
 12  2.96930        2.33297
 13  2.97663        2.21155
 14  2.98395        2.09645
 15  2.99127        1.98734
 16  2.99860        1.88390
 17  3.00592        1.78585
 18  3.01324        1.69291
 19  3.02057        1.60480
 20  3.02789        1.52128
 21  3.03522        1.44210
 22  3.04254        1.36704
 23  3.04986        1.29589
 24  3.05719        1.22845
 25  3.06451        1.16451
 26  3.07184        1.10390
 27  3.07916        1.04645
 28  3.08648        0.99199
 29  3.09381        0.94036
 30  3.10113        0.89142
 31  3.10845        0.84502
 32  3.12923        0.80104
 33  3.13759        0.75935
 34  3.14792        0.71983
 35  3.16290        0.68237
 36  3.17789        0.64685
 37  3.19287        0.61319
 38  3.20786        0.58127
 39  3.22284        0.55102
 40  3.23783        0.52234
 41  3.25281        0.49515
 42  3.26780        0.46938
 43  3.28278        0.44495
 44  3.29777        0.42180
 45  3.31275        0.39984
 46  3.32892        0.37903
 47  3.34661        0.35931
 48  3.36430        0.34061
 49  3.38199        0.32288
 50  3.39968        0.30607
 51  3.41738        0.29014
 52  3.43507        0.27504
 53  3.45276        0.26073
 54  3.47045        0.24716
 55  3.48814        0.23429
 56  3.50583        0.22210
 57  3.52352        0.21054
 58  3.54121        0.19958
 59  3.55890        0.18920
 60  3.57659        0.17935
 61  3.59428        0.17001
 62  3.61197        0.16117
 63  3.62966        0.15278
 64  3.64735        0.14483
 65  3.66504        0.13729
 66  3.68273        0.13014
 67  3.70042        0.12337
 68  3.71811        0.11695
 69  3.73580        0.11086
 70  3.75669        0.10509
 71  3.77983        0.09962
 72  3.80297        0.09444
 73  3.82611        0.08952
 74  3.85005        0.08486
 75  3.87436        0.08045
 76  3.89867        0.07626
 77  3.92298        0.07229
 78  3.94812        0.06853
 79  3.97330        0.06496
 80  3.99849        0.06158
 81  4.02368        0.05838
 82  4.04887        0.05534
 83  4.07406        0.05246
 84  4.09213        0.04973
 85  4.11555        0.04714
 86  4.13897        0.04469
 87  4.16239        0.04236
 88  4.16394        0.04016
 89  4.20039        0.03807
 90  4.23151        0.03608
 91  4.25898        0.03421
 92  4.28438        0.03243
 93  4.30977        0.03074
 94  4.33517        0.02914
 95  4.36057        0.02762
 96  4.38529        0.02618
 97  4.40856        0.02482
 98  4.43888        0.02353
 99  4.44971        0.02114
100  4.45275        0.02231
101  4.48747        0.02004
102  4.50093        0.01900
103  4.50276        0.01801
104  4.51433        0.01707
105  4.53269        0.01619
106  4.55105        0.01534
107  4.56941        0.01454
108  4.58778        0.01379
109  4.60614        0.01307
110  4.62450        0.01239
111  4.64286        0.01174
112  4.66122        0.01113
113  4.67958        0.01055
114  4.69795        0.01000
115  4.70074        0.00948
116  4.70211        0.00899
117  4.70347        0.00852
118  4.70484        0.00808
119  4.70620        0.00766
120  4.70757        0.00726