Sensor Model:   Speer Leiden Cryogenics
Serial Number:  S9905
Data Format:    4      (Log Ohms vs. Kelvin)
SetPoint Limit: 10.0      (Kelvin)
Temperature coefficient:  1 (Negative)
Number of Breakpoints:   23

No.   Units      Temperature (K)

  1  2.88874         4.2
  2  3.11025         0.834
  3  3.12710         0.812
  4  3.14348         0.7313
  5  3.32118         0.388
  6  3.74312         0.10844
  7  3.83334         0.08804
  8  3.92443         0.07206
  9  4.07882         0.05193
 10  4.08529         0.05051
 11  4.17551         0.04111
 12  4.16047         0.04036
 13  4.21187         0.03743
 14  4.24971         0.03488
 15  4.36922         0.02663
 16  4.38668         0.02663
 17  4.41996         0.02418
 18  4.46687         0.0226
 19  4.42813         0.0218
 20  4.49969         0.0197
 21  4.50352         0.01762
 22  4.69949         0.00996
 23  4.70757         0.00726